3.377095693091136663e-01
4.620659291313946593e-01
4.016460485568047467e-01
5.021292307829725576e-01
3.876029299650276538e-01
4.874678042523374888e-01
2.383876920045018832e-01
2.652613352384570744e-01
3.154311843058914544e-01
1.835597925847601564e-01
3.431333713962125831e-01
5.252457330279196590e-01
3.563326443617160777e-01
3.469726042304909219e-01
2.649001401940619949e-01
2.858541097241520945e-01
3.007289548577283811e-01
2.739441934620752694e-01
3.347846986787513246e-01
5.139109212235218882e-01
3.250628255361237007e-01
1.524896432617453834e-01
3.218889060596956120e-01
4.657295347549040287e-01
5.281720199743075161e-01
1.355819417454339204e-01
4.633046520789163569e-01
3.082512701156092105e-01
4.914778443408919228e-01
2.376330593227020671e-01
3.391886311538493404e-01
4.088134364861917280e-01
4.326852177323812221e-01
3.336200390404579497e-01
5.196172629530158016e-01
2.720363282802892302e-01
3.358282961690655100e-01
3.027457684279793448e-01
4.533196489360339920e-01
3.865517314460001908e-01
3.667358158365027210e-01
3.162006291011757453e-01
2.318245637037246731e-01
5.292710209743672900e-01
3.278121312173852275e-01
2.685736772426057239e-01
3.307065842918826548e-01
3.351047919152478904e-01
3.891200812085971461e-01
5.251304228723767675e-01
3.358561398108531049e-01
5.286195647017034593e-01
3.351288618025656807e-01
5.117574950712536763e-01
5.294120088615837938e-01
2.563639981601323337e-01
5.305472594807003617e-01
1.809157203745203057e-01
2.514848719825522050e-01
5.308796019377742814e-01
4.328703765102231982e-01
4.875005096862604081e-01
4.311830574394304172e-01
3.275572059496134614e-01
3.248486074555483882e-01
3.138168401502122729e-01
3.071967988278796469e-01
3.358038773504664620e-01
3.322359173395184051e-01
5.106316499537860709e-01
5.247474870264992042e-01
3.335027856901536247e-01
3.376701181773073546e-01
5.300890960735329394e-01
2.678279279797752821e-01
4.362122544146033176e-01
1.834462932330310769e-01
5.259932706789751666e-01
4.453663843652115872e-01
3.317896080141981563e-01
5.009821012796736861e-01
